3,2
3,1
3,3
10,216
10,284
10,172
10,76
10,89
10,263
10,115
10,2
10,3
11,5
9,7
9,2
9,3
8,13
8,10
8,6
8,7
256,0
254,3
254,2
254,1
8,15
254,0
251,3
251,2
251,1
8,11
8,17
251,0
250,3
250,2
250,1
8,2
8,3
250,0
249,3
249,2
249,1
249,0
248,3
248,2
248,1
248,0
245,3
245,2
245,1
245,0
243,3
243,2
243,1
243,0
242,3
242,2
242,1
242,0
241,3
241,2
241,1
241,0
235,4
235,3
235,2
235,1
229,3
229,1
20,3
20,2
20,1
19,2
19,3
19,1
14,10
14,9
14,6
12,3
12,2
12,1
11,30
11,28
11,27
11,26
11,25
11,24
11,23
11,22
11,21
11,20
11,19
11,18
11,17
11,16
11,15
11,14
11,13
11,12
11,11
11,10
11,9
11,8
11,7
11,6
11,4
11,3
11,2
11,1
10,306
10,302
10,296
10,294
10,281
10,277
10,270
10,259
10,258
10,257
10,243
10,237
10,236
10,228
10,224
10,222
